0010 5    12/5/2020   25/5/2020   3 0000 01 33000.00
0011 4    3/9/2019    20/9/2019   5 0004 08 28600.00
0012 6    4/1/2021    10/1/2021   2 0002 03 21600.00
0013 7    6/12/2018   12/12/2018  4 0010 04 36400.00
0014 5    10/10/2020  20/10/2020  3 0012 05 35750.00
0015 6    20/8/2021   1/9/2021    1 0006 06 29700.00
0016 5    15/11/2021  20/11/2021  4 0016 07 33000.00
0017 3    17/4/2020   25/4/2020   3 0006 09 18000.00
0018 4    30/6/2018   5/7/2018    2 0004 03 25200.00
0019 5    11/11/2020  20/11/2020  3 0014 09 33000.00
0020 8    20/3/2019   5/4/2019    2 0014 10 36000.00